20	-10
30	-15
40	-20
50	-25
60	-30
70	-35
80	-35
90	-40
100	-40
110	-40
120	-40
130	-40
140	-50
150	-50
160	-60
170	-60
180	-70
190	-70
200	-70
210	-70
220	-70
230	-70
240	-80
250	-80
260	-80
270	-80
280	-80
290	-80
300	-80
310	-90
320	-90
330	-90
340	-90
350	-90
360	-90
370	-90
380	-100
390	-100
400	-100
410	-100
420	-100
430	-100
440	-100
450 -100
460
470
480
490
500
510
520
530
540
550
560
570
580
590
600
610
620
630
640
650
660
670
680
690
700
710
720
730
740
750
760
770
780
790
800
810
820
830
840
850
860
870
880
890